{
 "cells": [
  {
   "cell_type": "markdown",
   "metadata": {},
   "source": [
    "# Assignment 5 - RA1911028010069\n",
    "### Comparing accuracy of models trained by Decision Tree Classificaton and Random Forest Classification."
   ]
  },
  {
   "cell_type": "markdown",
   "metadata": {},
   "source": [
    "##### Loading Dataset (heart.csv)"
   ]
  },
  {
   "cell_type": "code",
   "execution_count": 165,
   "metadata": {},
   "outputs": [],
   "source": [
    "import pandas as pd\n",
    "import matplotlib.pyplot as plt\n",
    "import numpy as np\n",
    "from sklearn import tree\n",
    "import warnings\n",
    "df = pd.read_csv('heart.csv')\n",
    "df.head()\n",
    "warnings.simplefilter(action='ignore', category=FutureWarning)"
   ]
  },
  {
   "cell_type": "markdown",
   "metadata": {},
   "source": [
    "##### Checking the datatypes of different columns"
   ]
  },
  {
   "cell_type": "code",
   "execution_count": 166,
   "metadata": {},
   "outputs": [
    {
     "name": "stdout",
     "output_type": "stream",
     "text": [
      "<class 'pandas.core.frame.DataFrame'>\n",
      "RangeIndex: 918 entries, 0 to 917\n",
      "Data columns (total 12 columns):\n",
      "Age               918 non-null int64\n",
      "Sex               918 non-null object\n",
      "ChestPainType     918 non-null object\n",
      "RestingBP         918 non-null int64\n",
      "Cholesterol       918 non-null int64\n",
      "FastingBS         918 non-null int64\n",
      "RestingECG        918 non-null object\n",
      "MaxHR             918 non-null int64\n",
      "ExerciseAngina    918 non-null object\n",
      "Oldpeak           918 non-null float64\n",
      "ST_Slope          918 non-null object\n",
      "HeartDisease      918 non-null int64\n",
      "dtypes: float64(1), int64(6), object(5)\n",
      "memory usage: 86.1+ KB\n"
     ]
    }
   ],
   "source": [
    "df.info()"
   ]
  },
  {
   "cell_type": "markdown",
   "metadata": {},
   "source": [
    "###### Converting objects to integers"
   ]
  },
  {
   "cell_type": "code",
   "execution_count": 167,
   "metadata": {},
   "outputs": [
    {
     "data": {
      "text/html": [
       "<div>\n",
       "<style scoped>\n",
       "    .dataframe tbody tr th:only-of-type {\n",
       "        vertical-align: middle;\n",
       "    }\n",
       "\n",
       "    .dataframe tbody tr th {\n",
       "        vertical-align: top;\n",
       "    }\n",
       "\n",
       "    .dataframe thead th {\n",
       "        text-align: right;\n",
       "    }\n",
       "</style>\n",
       "<table border=\"1\" class=\"dataframe\">\n",
       "  <thead>\n",
       "    <tr style=\"text-align: right;\">\n",
       "      <th></th>\n",
       "      <th>Age</th>\n",
       "      <th>Sex</th>\n",
       "      <th>ChestPainType</th>\n",
       "      <th>RestingBP</th>\n",
       "      <th>Cholesterol</th>\n",
       "      <th>FastingBS</th>\n",
       "      <th>RestingECG</th>\n",
       "      <th>MaxHR</th>\n",
       "      <th>ExerciseAngina</th>\n",
       "      <th>Oldpeak</th>\n",
       "      <th>ST_Slope</th>\n",
       "      <th>HeartDisease</th>\n",
       "    </tr>\n",
       "  </thead>\n",
       "  <tbody>\n",
       "    <tr>\n",
       "      <th>0</th>\n",
       "      <td>40</td>\n",
       "      <td>0</td>\n",
       "      <td>2</td>\n",
       "      <td>140</td>\n",
       "      <td>289</td>\n",
       "      <td>0</td>\n",
       "      <td>0</td>\n",
       "      <td>172</td>\n",
       "      <td>0</td>\n",
       "      <td>0.0</td>\n",
       "      <td>0</td>\n",
       "      <td>0</td>\n",
       "    </tr>\n",
       "    <tr>\n",
       "      <th>1</th>\n",
       "      <td>49</td>\n",
       "      <td>1</td>\n",
       "      <td>1</td>\n",
       "      <td>160</td>\n",
       "      <td>180</td>\n",
       "      <td>0</td>\n",
       "      <td>0</td>\n",
       "      <td>156</td>\n",
       "      <td>0</td>\n",
       "      <td>1.0</td>\n",
       "      <td>1</td>\n",
       "      <td>1</td>\n",
       "    </tr>\n",
       "    <tr>\n",
       "      <th>2</th>\n",
       "      <td>37</td>\n",
       "      <td>0</td>\n",
       "      <td>2</td>\n",
       "      <td>130</td>\n",
       "      <td>283</td>\n",
       "      <td>0</td>\n",
       "      <td>2</td>\n",
       "      <td>98</td>\n",
       "      <td>0</td>\n",
       "      <td>0.0</td>\n",
       "      <td>0</td>\n",
       "      <td>0</td>\n",
       "    </tr>\n",
       "    <tr>\n",
       "      <th>3</th>\n",
       "      <td>48</td>\n",
       "      <td>1</td>\n",
       "      <td>0</td>\n",
       "      <td>138</td>\n",
       "      <td>214</td>\n",
       "      <td>0</td>\n",
       "      <td>0</td>\n",
       "      <td>108</td>\n",
       "      <td>1</td>\n",
       "      <td>1.5</td>\n",
       "      <td>1</td>\n",
       "      <td>1</td>\n",
       "    </tr>\n",
       "    <tr>\n",
       "      <th>4</th>\n",
       "      <td>54</td>\n",
       "      <td>0</td>\n",
       "      <td>1</td>\n",
       "      <td>150</td>\n",
       "      <td>195</td>\n",
       "      <td>0</td>\n",
       "      <td>0</td>\n",
       "      <td>122</td>\n",
       "      <td>0</td>\n",
       "      <td>0.0</td>\n",
       "      <td>0</td>\n",
       "      <td>0</td>\n",
       "    </tr>\n",
       "  </tbody>\n",
       "</table>\n",
       "</div>"
      ],
      "text/plain": [
       "   Age  Sex  ChestPainType  RestingBP  Cholesterol  FastingBS  RestingECG  \\\n",
       "0   40    0              2        140          289          0           0   \n",
       "1   49    1              1        160          180          0           0   \n",
       "2   37    0              2        130          283          0           2   \n",
       "3   48    1              0        138          214          0           0   \n",
       "4   54    0              1        150          195          0           0   \n",
       "\n",
       "   MaxHR  ExerciseAngina  Oldpeak  ST_Slope  HeartDisease  \n",
       "0    172               0      0.0         0             0  \n",
       "1    156               0      1.0         1             1  \n",
       "2     98               0      0.0         0             0  \n",
       "3    108               1      1.5         1             1  \n",
       "4    122               0      0.0         0             0  "
      ]
     },
     "execution_count": 167,
     "metadata": {},
     "output_type": "execute_result"
    }
   ],
   "source": [
    "df['Sex'] = df['Sex'].replace({'M': 0, 'F': 1})\n",
    "df['ChestPainType'] = df['ChestPainType'].replace({'ASY': 0, 'NAP': 1, 'ATA':2, 'TA': 2})\n",
    "df['RestingECG'] = df['RestingECG'].replace({'Normal': 0, 'LVH': 1, 'ST': 2})\n",
    "df['ExerciseAngina'] = df['ExerciseAngina'].replace({'N': 0, 'Y': 1})\n",
    "df['ST_Slope'] = df['ST_Slope'].replace({'Up': 0, 'Flat': 1, 'Down': 2})\n",
    "df.head()"
   ]
  },
  {
   "cell_type": "code",
   "execution_count": 168,
   "metadata": {},
   "outputs": [
    {
     "name": "stdout",
     "output_type": "stream",
     "text": [
      "<class 'pandas.core.frame.DataFrame'>\n",
      "RangeIndex: 918 entries, 0 to 917\n",
      "Data columns (total 12 columns):\n",
      "Age               918 non-null int64\n",
      "Sex               918 non-null int64\n",
      "ChestPainType     918 non-null int64\n",
      "RestingBP         918 non-null int64\n",
      "Cholesterol       918 non-null int64\n",
      "FastingBS         918 non-null int64\n",
      "RestingECG        918 non-null int64\n",
      "MaxHR             918 non-null int64\n",
      "ExerciseAngina    918 non-null int64\n",
      "Oldpeak           918 non-null float64\n",
      "ST_Slope          918 non-null int64\n",
      "HeartDisease      918 non-null int64\n",
      "dtypes: float64(1), int64(11)\n",
      "memory usage: 86.1 KB\n"
     ]
    }
   ],
   "source": [
    "df.info()"
   ]
  },
  {
   "cell_type": "code",
   "execution_count": 169,
   "metadata": {},
   "outputs": [
    {
     "data": {
      "text/plain": [
       "False"
      ]
     },
     "execution_count": 169,
     "metadata": {},
     "output_type": "execute_result"
    }
   ],
   "source": [
    "df.isnull().values.any()"
   ]
  },
  {
   "cell_type": "code",
   "execution_count": 170,
   "metadata": {},
   "outputs": [
    {
     "data": {
      "text/html": [
       "<div>\n",
       "<style scoped>\n",
       "    .dataframe tbody tr th:only-of-type {\n",
       "        vertical-align: middle;\n",
       "    }\n",
       "\n",
       "    .dataframe tbody tr th {\n",
       "        vertical-align: top;\n",
       "    }\n",
       "\n",
       "    .dataframe thead th {\n",
       "        text-align: right;\n",
       "    }\n",
       "</style>\n",
       "<table border=\"1\" class=\"dataframe\">\n",
       "  <thead>\n",
       "    <tr style=\"text-align: right;\">\n",
       "      <th></th>\n",
       "      <th>Age</th>\n",
       "      <th>Sex</th>\n",
       "      <th>ChestPainType</th>\n",
       "      <th>RestingBP</th>\n",
       "      <th>Cholesterol</th>\n",
       "      <th>FastingBS</th>\n",
       "      <th>RestingECG</th>\n",
       "      <th>MaxHR</th>\n",
       "      <th>ExerciseAngina</th>\n",
       "      <th>Oldpeak</th>\n",
       "      <th>ST_Slope</th>\n",
       "      <th>HeartDisease</th>\n",
       "    </tr>\n",
       "  </thead>\n",
       "  <tbody>\n",
       "    <tr>\n",
       "      <th>Age</th>\n",
       "      <td>1.000000</td>\n",
       "      <td>-0.055750</td>\n",
       "      <td>-0.194563</td>\n",
       "      <td>0.254399</td>\n",
       "      <td>-0.095282</td>\n",
       "      <td>0.198039</td>\n",
       "      <td>0.210498</td>\n",
       "      <td>-0.382045</td>\n",
       "      <td>0.215793</td>\n",
       "      <td>0.258612</td>\n",
       "      <td>0.268264</td>\n",
       "      <td>0.282039</td>\n",
       "    </tr>\n",
       "    <tr>\n",
       "      <th>Sex</th>\n",
       "      <td>-0.055750</td>\n",
       "      <td>1.000000</td>\n",
       "      <td>0.187720</td>\n",
       "      <td>-0.005133</td>\n",
       "      <td>0.200092</td>\n",
       "      <td>-0.120076</td>\n",
       "      <td>-0.038320</td>\n",
       "      <td>0.189186</td>\n",
       "      <td>-0.190664</td>\n",
       "      <td>-0.105734</td>\n",
       "      <td>-0.150693</td>\n",
       "      <td>-0.305445</td>\n",
       "    </tr>\n",
       "    <tr>\n",
       "      <th>ChestPainType</th>\n",
       "      <td>-0.194563</td>\n",
       "      <td>0.187720</td>\n",
       "      <td>1.000000</td>\n",
       "      <td>-0.037988</td>\n",
       "      <td>0.148180</td>\n",
       "      <td>-0.138012</td>\n",
       "      <td>-0.080891</td>\n",
       "      <td>0.359265</td>\n",
       "      <td>-0.433751</td>\n",
       "      <td>-0.283397</td>\n",
       "      <td>-0.357587</td>\n",
       "      <td>-0.514444</td>\n",
       "    </tr>\n",
       "    <tr>\n",
       "      <th>RestingBP</th>\n",
       "      <td>0.254399</td>\n",
       "      <td>-0.005133</td>\n",
       "      <td>-0.037988</td>\n",
       "      <td>1.000000</td>\n",
       "      <td>0.100893</td>\n",
       "      <td>0.070193</td>\n",
       "      <td>0.117206</td>\n",
       "      <td>-0.112135</td>\n",
       "      <td>0.155101</td>\n",
       "      <td>0.164803</td>\n",
       "      <td>0.075162</td>\n",
       "      <td>0.107589</td>\n",
       "    </tr>\n",
       "    <tr>\n",
       "      <th>Cholesterol</th>\n",
       "      <td>-0.095282</td>\n",
       "      <td>0.200092</td>\n",
       "      <td>0.148180</td>\n",
       "      <td>0.100893</td>\n",
       "      <td>1.000000</td>\n",
       "      <td>-0.260974</td>\n",
       "      <td>-0.042595</td>\n",
       "      <td>0.235792</td>\n",
       "      <td>-0.034166</td>\n",
       "      <td>0.050148</td>\n",
       "      <td>-0.111471</td>\n",
       "      <td>-0.232741</td>\n",
       "    </tr>\n",
       "    <tr>\n",
       "      <th>FastingBS</th>\n",
       "      <td>0.198039</td>\n",
       "      <td>-0.120076</td>\n",
       "      <td>-0.138012</td>\n",
       "      <td>0.070193</td>\n",
       "      <td>-0.260974</td>\n",
       "      <td>1.000000</td>\n",
       "      <td>0.120774</td>\n",
       "      <td>-0.131438</td>\n",
       "      <td>0.060451</td>\n",
       "      <td>0.052698</td>\n",
       "      <td>0.175774</td>\n",
       "      <td>0.267291</td>\n",
       "    </tr>\n",
       "    <tr>\n",
       "      <th>RestingECG</th>\n",
       "      <td>0.210498</td>\n",
       "      <td>-0.038320</td>\n",
       "      <td>-0.080891</td>\n",
       "      <td>0.117206</td>\n",
       "      <td>-0.042595</td>\n",
       "      <td>0.120774</td>\n",
       "      <td>1.000000</td>\n",
       "      <td>-0.093379</td>\n",
       "      <td>0.098360</td>\n",
       "      <td>0.099935</td>\n",
       "      <td>0.085422</td>\n",
       "      <td>0.107628</td>\n",
       "    </tr>\n",
       "    <tr>\n",
       "      <th>MaxHR</th>\n",
       "      <td>-0.382045</td>\n",
       "      <td>0.189186</td>\n",
       "      <td>0.359265</td>\n",
       "      <td>-0.112135</td>\n",
       "      <td>0.235792</td>\n",
       "      <td>-0.131438</td>\n",
       "      <td>-0.093379</td>\n",
       "      <td>1.000000</td>\n",
       "      <td>-0.370425</td>\n",
       "      <td>-0.160691</td>\n",
       "      <td>-0.343419</td>\n",
       "      <td>-0.400421</td>\n",
       "    </tr>\n",
       "    <tr>\n",
       "      <th>ExerciseAngina</th>\n",
       "      <td>0.215793</td>\n",
       "      <td>-0.190664</td>\n",
       "      <td>-0.433751</td>\n",
       "      <td>0.155101</td>\n",
       "      <td>-0.034166</td>\n",
       "      <td>0.060451</td>\n",
       "      <td>0.098360</td>\n",
       "      <td>-0.370425</td>\n",
       "      <td>1.000000</td>\n",
       "      <td>0.408752</td>\n",
       "      <td>0.428706</td>\n",
       "      <td>0.494282</td>\n",
       "    </tr>\n",
       "    <tr>\n",
       "      <th>Oldpeak</th>\n",
       "      <td>0.258612</td>\n",
       "      <td>-0.105734</td>\n",
       "      <td>-0.283397</td>\n",
       "      <td>0.164803</td>\n",
       "      <td>0.050148</td>\n",
       "      <td>0.052698</td>\n",
       "      <td>0.099935</td>\n",
       "      <td>-0.160691</td>\n",
       "      <td>0.408752</td>\n",
       "      <td>1.000000</td>\n",
       "      <td>0.501921</td>\n",
       "      <td>0.403951</td>\n",
       "    </tr>\n",
       "    <tr>\n",
       "      <th>ST_Slope</th>\n",
       "      <td>0.268264</td>\n",
       "      <td>-0.150693</td>\n",
       "      <td>-0.357587</td>\n",
       "      <td>0.075162</td>\n",
       "      <td>-0.111471</td>\n",
       "      <td>0.175774</td>\n",
       "      <td>0.085422</td>\n",
       "      <td>-0.343419</td>\n",
       "      <td>0.428706</td>\n",
       "      <td>0.501921</td>\n",
       "      <td>1.000000</td>\n",
       "      <td>0.558771</td>\n",
       "    </tr>\n",
       "    <tr>\n",
       "      <th>HeartDisease</th>\n",
       "      <td>0.282039</td>\n",
       "      <td>-0.305445</td>\n",
       "      <td>-0.514444</td>\n",
       "      <td>0.107589</td>\n",
       "      <td>-0.232741</td>\n",
       "      <td>0.267291</td>\n",
       "      <td>0.107628</td>\n",
       "      <td>-0.400421</td>\n",
       "      <td>0.494282</td>\n",
       "      <td>0.403951</td>\n",
       "      <td>0.558771</td>\n",
       "      <td>1.000000</td>\n",
       "    </tr>\n",
       "  </tbody>\n",
       "</table>\n",
       "</div>"
      ],
      "text/plain": [
       "                     Age       Sex  ChestPainType  RestingBP  Cholesterol  \\\n",
       "Age             1.000000 -0.055750      -0.194563   0.254399    -0.095282   \n",
       "Sex            -0.055750  1.000000       0.187720  -0.005133     0.200092   \n",
       "ChestPainType  -0.194563  0.187720       1.000000  -0.037988     0.148180   \n",
       "RestingBP       0.254399 -0.005133      -0.037988   1.000000     0.100893   \n",
       "Cholesterol    -0.095282  0.200092       0.148180   0.100893     1.000000   \n",
       "FastingBS       0.198039 -0.120076      -0.138012   0.070193    -0.260974   \n",
       "RestingECG      0.210498 -0.038320      -0.080891   0.117206    -0.042595   \n",
       "MaxHR          -0.382045  0.189186       0.359265  -0.112135     0.235792   \n",
       "ExerciseAngina  0.215793 -0.190664      -0.433751   0.155101    -0.034166   \n",
       "Oldpeak         0.258612 -0.105734      -0.283397   0.164803     0.050148   \n",
       "ST_Slope        0.268264 -0.150693      -0.357587   0.075162    -0.111471   \n",
       "HeartDisease    0.282039 -0.305445      -0.514444   0.107589    -0.232741   \n",
       "\n",
       "                FastingBS  RestingECG     MaxHR  ExerciseAngina   Oldpeak  \\\n",
       "Age              0.198039    0.210498 -0.382045        0.215793  0.258612   \n",
       "Sex             -0.120076   -0.038320  0.189186       -0.190664 -0.105734   \n",
       "ChestPainType   -0.138012   -0.080891  0.359265       -0.433751 -0.283397   \n",
       "RestingBP        0.070193    0.117206 -0.112135        0.155101  0.164803   \n",
       "Cholesterol     -0.260974   -0.042595  0.235792       -0.034166  0.050148   \n",
       "FastingBS        1.000000    0.120774 -0.131438        0.060451  0.052698   \n",
       "RestingECG       0.120774    1.000000 -0.093379        0.098360  0.099935   \n",
       "MaxHR           -0.131438   -0.093379  1.000000       -0.370425 -0.160691   \n",
       "ExerciseAngina   0.060451    0.098360 -0.370425        1.000000  0.408752   \n",
       "Oldpeak          0.052698    0.099935 -0.160691        0.408752  1.000000   \n",
       "ST_Slope         0.175774    0.085422 -0.343419        0.428706  0.501921   \n",
       "HeartDisease     0.267291    0.107628 -0.400421        0.494282  0.403951   \n",
       "\n",
       "                ST_Slope  HeartDisease  \n",
       "Age             0.268264      0.282039  \n",
       "Sex            -0.150693     -0.305445  \n",
       "ChestPainType  -0.357587     -0.514444  \n",
       "RestingBP       0.075162      0.107589  \n",
       "Cholesterol    -0.111471     -0.232741  \n",
       "FastingBS       0.175774      0.267291  \n",
       "RestingECG      0.085422      0.107628  \n",
       "MaxHR          -0.343419     -0.400421  \n",
       "ExerciseAngina  0.428706      0.494282  \n",
       "Oldpeak         0.501921      0.403951  \n",
       "ST_Slope        1.000000      0.558771  \n",
       "HeartDisease    0.558771      1.000000  "
      ]
     },
     "execution_count": 170,
     "metadata": {},
     "output_type": "execute_result"
    }
   ],
   "source": [
    "df.corr()"
   ]
  },
  {
   "cell_type": "markdown",
   "metadata": {},
   "source": [
    "##### Selecting X and y to train and test model"
   ]
  },
  {
   "cell_type": "code",
   "execution_count": 171,
   "metadata": {},
   "outputs": [],
   "source": [
    "from sklearn.model_selection import train_test_split\n",
    "from sklearn.preprocessing import StandardScaler\n",
    "\n",
    "X = df.iloc[:,0:11].values\n",
    "y = df.iloc[:,11].values\n",
    "\n",
    "X_train, X_test, y_train, y_test = train_test_split(X, y, test_size=0.25, random_state=0)\n",
    "sc = StandardScaler()\n",
    "X_train = sc.fit_transform(X_train)\n",
    "X_test = sc.transform(X_test)"
   ]
  },
  {
   "cell_type": "markdown",
   "metadata": {},
   "source": [
    "##### Training model using decision tree classification "
   ]
  },
  {
   "cell_type": "code",
   "execution_count": 172,
   "metadata": {},
   "outputs": [
    {
     "data": {
      "text/plain": [
       "DecisionTreeClassifier(class_weight=None, criterion='entropy', max_depth=None,\n",
       "            max_features=None, max_leaf_nodes=None,\n",
       "            min_impurity_decrease=0.0, min_impurity_split=None,\n",
       "            min_samples_leaf=1, min_samples_split=2,\n",
       "            min_weight_fraction_leaf=0.0, presort=False, random_state=0,\n",
       "            splitter='best')"
      ]
     },
     "execution_count": 172,
     "metadata": {},
     "output_type": "execute_result"
    }
   ],
   "source": [
    "from sklearn.tree import DecisionTreeClassifier\n",
    "dtc = DecisionTreeClassifier(criterion='entropy', random_state=0)\n",
    "dtc.fit(X_train, y_train)"
   ]
  },
  {
   "cell_type": "markdown",
   "metadata": {},
   "source": [
    "##### Finding accuracy of model using K-Fold"
   ]
  },
  {
   "cell_type": "code",
   "execution_count": 173,
   "metadata": {},
   "outputs": [
    {
     "name": "stdout",
     "output_type": "stream",
     "text": [
      "Accuracy: 0.7762191896752354\n"
     ]
    }
   ],
   "source": [
    "from sklearn.model_selection import cross_val_score\n",
    "from sklearn.model_selection import KFold\n",
    "k = 5\n",
    "kf = KFold(n_splits=k, random_state=None)\n",
    "result = cross_val_score(dtc , X_train, y_train, cv = kf)\n",
    "print(\"Accuracy: {}\".format(result.mean()))"
   ]
  },
  {
   "cell_type": "markdown",
   "metadata": {},
   "source": [
    "##### Training model using random forest classification"
   ]
  },
  {
   "cell_type": "code",
   "execution_count": 174,
   "metadata": {},
   "outputs": [
    {
     "data": {
      "text/plain": [
       "RandomForestClassifier(bootstrap=True, class_weight=None, criterion='entropy',\n",
       "            max_depth=None, max_features='auto', max_leaf_nodes=None,\n",
       "            min_impurity_decrease=0.0, min_impurity_split=None,\n",
       "            min_samples_leaf=1, min_samples_split=2,\n",
       "            min_weight_fraction_leaf=0.0, n_estimators=10, n_jobs=None,\n",
       "            oob_score=False, random_state=0, verbose=0, warm_start=False)"
      ]
     },
     "execution_count": 174,
     "metadata": {},
     "output_type": "execute_result"
    }
   ],
   "source": [
    "from sklearn.ensemble import RandomForestClassifier\n",
    "rfc = RandomForestClassifier(criterion='entropy', random_state=0)\n",
    "rfc.fit(X_train, y_train)"
   ]
  },
  {
   "cell_type": "markdown",
   "metadata": {},
   "source": [
    "##### Finding accuracy of model using K-Fold"
   ]
  },
  {
   "cell_type": "code",
   "execution_count": 175,
   "metadata": {},
   "outputs": [
    {
     "name": "stdout",
     "output_type": "stream",
     "text": [
      "Accuracy: 0.856130328996086\n"
     ]
    }
   ],
   "source": [
    "from sklearn.model_selection import cross_val_score\n",
    "from sklearn.model_selection import KFold\n",
    "k = 5\n",
    "kf = KFold(n_splits=k, random_state=None)\n",
    "result = cross_val_score(rfc , X_train, y_train, cv = kf)\n",
    "print(\"Accuracy: {}\".format(result.mean()))"
   ]
  },
  {
   "cell_type": "markdown",
   "metadata": {},
   "source": [
    "### On comparing the accuracies of the models trained by Decision Tree Classification(77.62%) and Random Forest Classification(85.61%) we can clearly see that Random Forest has greater accuracy."
   ]
  }
 ],
 "metadata": {
  "kernelspec": {
   "display_name": "Python 3",
   "language": "python",
   "name": "python3"
  },
  "language_info": {
   "codemirror_mode": {
    "name": "ipython",
    "version": 3
   },
   "file_extension": ".py",
   "mimetype": "text/x-python",
   "name": "python",
   "nbconvert_exporter": "python",
   "pygments_lexer": "ipython3",
   "version": "3.7.3"
  }
 },
 "nbformat": 4,
 "nbformat_minor": 2
}
